kinematics:
  shoulder:
    x: 0
    y: 0
    z: 0.1623599985882676
    roll: -0
    pitch: 0
    yaw: -7.687517061816251e-08
  upper_arm:
    x: 0.0001108776968876973
    y: 0
    z: 0
    roll: 1.570309877510641
    pitch: 0
    yaw: -6.093632358162435e-07
  forearm:
    x: -0.4251572608403862
    y: 0
    z: 0
    roll: 3.140284736615666
    pitch: -3.141583303907058
    yaw: 3.141587512950444
  wrist_1:
    x: -0.3924620829989753
    y: 0.0002795773161434222
    z: 0.1328913390995667
    roll: 3.139488852803602
    pitch: -3.1393504566886
    yaw: -3.141589854359252
  wrist_2:
    x: 3.809674259243209e-05
    y: -0.09968581015772587
    z: 0.0001056330576092867
    roll: 1.569736667271596
    pitch: 0
    yaw: 2.989094293193162e-07
  wrist_3:
    x: 5.116643258497304e-05
    y: 0.09933010245449073
    z: 0.0001800220306131527
    roll: 1.572608686080368
    pitch: 3.141592653589793
    yaw: -3.141592642882828
  hash: calib_17551656619783855814